# id	left	top	right	bottom	texture_id
[SPRITES]
80000	0	0	16	16	40
80001	16	0	32	16	40
80002	32	0	48	16	40
80003	48	0	64	16	40
80004	64	0	80	16	40
80005	80	0	96	16	40
80029	0	16	16	32	40
80030	16	16	32	32	40
80031	32	16	48	32	40
80032	48	16	64	32	40
80033	64	16	80	32	40
80034	80	16	96	32	40
80058	0	32	16	48	40
80059	16	32	32	48	40
80060	32	32	48	48	40
80061	48	32	64	48	40
80062	64	32	80	48	40
80063	80	32	96	48	40
80087	0	48	16	64	40
80088	16	48	32	64	40
80089	32	48	48	64	40
80090	48	48	64	64	40
80091	64	48	80	64	40
80092	80	48	96	64	40
80116	0	64	16	80	40
80117	16	64	32	80	40
80118	32	64	48	80	40
80119	48	64	64	80	40
80120	64	64	80	80	40
80121	80	64	96	80	40
80145	0	80	16	96	40
80146	16	80	32	96	40
80147	32	80	48	96	40
80148	48	80	64	96	40
80149	64	80	80	96	40
80150	80	80	96	96	40

# ani_id	sprite1_id	time1	sprite2_id	time2	...
[ANIMATIONS]
80000	80000	1000
80001	80001	1000
80002	80002	1000
80003	80003	1000
80004	80004	1000
80005	80005	1000
80029	80029	1000
80030	80030	1000
80031	80031	1000
80032	80032	1000
80033	80033	1000
80034	80034	1000
80058	80058	1000
80059	80059	1000
80060	80060	1000
80061	80061	1000
80062	80062	1000
80063	80063	1000
80087	80087	1000
80088	80088	1000
80089	80089	1000
80090	80090	1000
80091	80091	1000
80092	80092	1000
80116	80116	1000
80117	80117	1000
80118	80118	1000
80119	80119	1000
80120	80120	1000
80121	80121	1000
80145	80145	1000
80146	80146	1000
80147	80147	1000
80148	80148	1000
80149	80149	1000
80150	80150	1000