# id	left	top	right	bottom	texture_id
[SPRITES]
20001	224	208	240	224	40
10390	208	208	224	224	40
10391	224	208	240	224	40
10392	240	208	256	224	40
10518	400	272	416	288	40
10519	416	272	432	288	40
10520	432	272	448	288	40
10489	400	256	416	272	40
10491	432	256	448	272	40
10490	416	256	432	272	40
10309	304	160	320	176	40
# ani_id	sprite1_id	time1	sprite2_id	time2	...
[ANIMATIONS]
10000	20001	1000
10390	10390	1000
10391	10391	1000
10392	10392	1000
10518	10518	1000
10519	10519	1000
10520	10520	1000
10489	10489	1000
10491	10491	1000
10490	10490	1000
10309	10309	1000