# id	left	top	right	bottom	texture_id
[SPRITES]
40006	96	0	112	16	40
40007	112	0	128	16	40
40008	128	0	144	16	40
40009	144	0	160	16	40
40035	96	16	112	32	40
40036	112	16	128	32	40
40037	128	16	144	32	40
40038	144	16	160	32	40
40064	96	32	112	48	40
40065	112	32	128	48	40
40066	128	32	144	48	40
40067	144	32	160	48	40
40095	128	48	144	64	40
40123	112	64	128	80	40
40153	128	80	144	96	40
40154	144	80	160	96	40
40182	128	96	144	112	40
40183	144	96	160	112	40
40330	176	176	192	192	40
40331	192	176	208	192	40
40336	-192	192	-176	208	40
40359	176	192	192	208	40
40360	192	192	208	208	40
40361	208	192	224	208	40
40382	80	208	96	224	40
40383	96	208	112	224	40
40384	112	208	128	224	40
40411	80	224	96	240	40
40412	96	224	112	240	40
40413	112	224	128	240	40
40473	144	256	160	272	40


# ani_id	sprite1_id	time1	sprite2_id	time2	...
[ANIMATIONS]
70006	40006	1000
70007	40007	1000
70008	40008	1000
70009	40009	1000
70035	40035	1000
70036	40036	1000
70037	40037	1000
70038	40038	1000
70064	40064	1000
70065	40065	1000
70066	40066	1000
70067	40067	1000
70095	40095	1000
70123	40123	1000
70153	40153	1000
70154	40154	1000
70182	40182	1000
70183	40183	1000
70330	40330	1000
70331	40331	1000
70336	40336	1000
70359	40359	1000
70360	40360	1000
70361	40361	1000
70382	40382	1000
70383	40383	1000
70384	40384	1000
70411	40411	1000
70412	40412	1000
70413	40413	1000
70473	40473	1000